3.995828967626006978e-03
5.444261804479631935e-03
5.938090888898493042e-03
6.582205081210970067e-03
6.611264848645843212e-03
6.646902087750717822e-03
7.553997110378647857e-03
8.307935416043642912e-03
9.693353120878843432e-03
1.160420641598106095e-02
1.480844790892123057e-02
1.835575802629101083e-02
2.350839941295807325e-02
2.681738367682008975e-02
3.542506170558475109e-02
4.991300243303065792e-02
6.409933047897509173e-02
7.113209913004774065e-02
7.949085747652151479e-02
9.963828362734983290e-02
1.187951137345194252e-01
1.102598077176891594e-01
1.281191883826266753e-01
1.742446541914250135e-01
1.294301039865624059e-01
1.446162627382746590e-01
1.562355176574546090e-01
2.465047858053891205e-01
9.383089665665708679e-02
1.269604065586311670e-01
2.453285566352494951e-01
2.717457205011311605e-01
1.518626756561060331e-01
2.158988845188425931e-01
9.004090097116428104e-02
8.732645629798067854e-02
6.928861679624104264e-02
1.208535540892894805e-01
1.024892612678888898e-01
1.107734495110785228e-01
8.120288799792986512e-02
9.024261528142063504e-02
1.522283564815747336e-01
