4.036795516207429373e-03
5.205382664713785468e-03
6.841517192192673319e-03
8.582492503391336153e-03
9.286485572622625237e-03
1.219372439038449857e-02
1.581761415134243579e-02
1.787205293722911661e-02
2.243308315871796882e-02
2.765499761333959153e-02
2.839801739575736894e-02
3.327608984558332733e-02
3.793792458464206874e-02
4.051432397475962510e-02
4.348589083460955435e-02
4.732225700849840289e-02
4.193046125689935122e-02
5.125972132733926795e-02
4.678738396775088126e-02
4.483225482727063588e-02
4.656756838795212544e-02
5.411695246734309767e-02
5.575493014459706465e-02
5.460743508670892754e-02
5.400507551206136514e-02
5.279583606227492010e-02
5.004471895932560699e-02
5.296459232034491510e-02
6.152305827997084364e-02
5.179521670863456578e-02
5.482771542311428575e-02
5.339449114449625056e-02
5.833152175196131689e-02
5.170953067706147988e-02
5.405255978357431657e-02
6.293011539901631479e-02
5.670507845338840225e-02
5.669681705944472350e-02
6.010598144672858745e-02
5.740267675660537527e-02
5.874770205529378231e-02
6.320680834753315824e-02
5.576340217762480039e-02
