1.140593971097877857e+00
1.458728665664780211e+00
1.679424776729306901e+00
1.808510974242331537e+00
1.886989707623864865e+00
1.933881395449113194e+00
1.960767088315750417e+00
1.986441781632444004e+00
2.023759666747335206e+00
2.054396434697730367e+00
2.016984146651617404e+00
2.081551177269365116e+00
2.068894269743983383e+00
2.122179893960752128e+00
2.013143554931809298e+00
2.094267649021870348e+00
2.087912288617482570e+00
2.075518061979507944e+00
2.085070709017931456e+00
2.058281095744774358e+00
2.113415546459308292e+00
2.178659501258481512e+00
2.148465093298836948e+00
2.145836697257379466e+00
2.140810218280528421e+00
2.178229667113996015e+00
2.081854804013986371e+00
2.198938721880987934e+00
2.320579665996160390e+00
2.157615022671055094e+00
2.146241448472031355e+00
2.241486645890350182e+00
2.300369669476521661e+00
2.188398668682052239e+00
2.165254213231110558e+00
2.236468933870928932e+00
2.144988173240808926e+00
2.127963945953218694e+00
2.198547413275391715e+00
2.149937926372271768e+00
2.197724745520161616e+00
2.163071262592979327e+00
2.109592414830200990e+00
