1.136133336139411254e+00
1.467879859418914412e+00
1.680185059008301840e+00
1.807355542627170131e+00
1.884057640793188604e+00
1.921130977806699391e+00
1.961293531682192892e+00
1.971230547074219963e+00
1.988999640146551506e+00
1.976531416710194167e+00
2.007511388547917885e+00
1.992731054523652956e+00
1.962934804104547570e+00
1.982911570422550396e+00
1.999199531607069868e+00
2.015993145077490389e+00
1.997911177040386344e+00
1.983613404895645527e+00
1.789502277517265982e+00
2.025185002459802597e+00
1.907434494856689033e+00
1.774407069653188618e+00
1.692895372638826723e+00
1.814988254778760801e+00
1.498313219837668964e+00
1.752952601095030261e+00
1.627752056725803920e+00
2.331471168949572181e+00
1.031283369534817806e+00
1.501261940680432394e+00
1.242144780183040753e+00
1.582799738492156383e+00
1.573539866098864204e+00
1.807431573286372606e+00
1.117686521084927387e+00
6.900504893039816068e-01
4.880446771924564220e-01
5.639832669428533896e-01
9.033685563195206214e-01
4.084217615296255599e-01
1.112300817961483279e+00
7.257383610660088635e-01
8.163777528962611330e-01
